{
  "asset": {
    "version": "2.0",
    "generator": "GLTFExporter"
  },
  "scenes": [
    {
      "name": "AuxScene",
      "nodes": [
        34
      ]
    }
  ],
  "scene": 0,
  "nodes": [
    {
      "name": "ninja_mid",
      "extras": {
        "transformData": {
          "inheritType": 1,
          "eulerOrder": "ZYX",
          "parentMatrixWorld": {
            "elements": [
              1,
              0,
              0,
              0,
              0,
              1,
              0,
              0,
              0,
              0,
              1,
              0,
              -0.0000019073486328125,
              -49.69433879433291,
              -0.5580234527587891,
              1
            ]
          }
        }
      },
      "mesh": 0,
      "skin": 0
    },
    {
      "rotation": [
        -4.0319567945362663e-10,
        -1.3877787735093105e-17,
        -1.3877787746284033e-17,
        1
      ],
      "translation": [
        -1.626611378924281e-8,
        2.1412847154035886,
        -1.8180568162051713e-11
      ],
      "name": "mixamorigRightToe_End",
      "extras": {
        "transformData": {
          "eulerOrder": "ZYX",
          "translation": [
            -1.626611378924281e-8,
            2.1412847154035886,
            -1.8180568162051713e-11
          ],
          "preRotation": [
            -4.620282150120481e-8,
            -1.5902773330396982e-15,
            -1.5902773330396982e-15
          ],
          "parentMatrixWorld": {
            "elements": [
              0.9962085440316982,
              -0.00023197035139219113,
              -0.08699702735773476,
              0,
              0.05012863138285058,
              0.8188302043590562,
              0.5718428160642528,
              0,
              0.07110314265212658,
              -0.5740357411854846,
              0.8157372740701163,
              0,
              1.0920586213103434e-8,
              5.278248210917078,
              9.860512939496857e-8,
              1
            ]
          }
        }
      }
    },
    {
      "rotation": [
        0.3006829998530536,
        0.04148610085691852,
        -0.013214818191729871,
        0.952729750110364
      ],
      "translation": [
        1.0920586213103434e-8,
        5.278248210917078,
        9.860512939496857e-8
      ],
      "name": "mixamorigRightToeBase",
      "extras": {
        "transformData": {
          "eulerOrder": "ZYX",
          "translation": [
            1.0920586213103434e-8,
            5.278248210917078,
            9.860512939496857e-8
          ],
          "preRotation": [
            34.769105205626964,
            5.022947222200492,
            1.9860038988926577e-7
          ],
          "parentMatrixWorld": {
            "elements": [
              0.9845453734540244,
              -0.012889621844226984,
              -0.17465470311983766,
              0,
              0.15756577217257237,
              0.5005017891023156,
              0.8512760942124874,
              0,
              0.07644236464701247,
              -0.8656395432203403,
              0.4947976840652056,
              0,
              -3.370821666237589e-8,
              10.210673141324316,
              1.9344034818402633e-8,
              1
            ]
          }
        }
      },
      "children": [
        1
      ]
    },
    {
      "rotation": [
        0.49730420777591033,
        0.07273020621290306,
        -0.04937236450906954,
        0.863111356483075
      ],
      "translation": [
        -3.370821666237589e-8,
        10.210673141324316,
        1.9344034818402633e-8
      ],
      "scale": [
        1,
        1,
        0.9999999999999999
      ],
      "name": "mixamorigRightFoot",
      "extras": {
        "transformData": {
          "eulerOrder": "ZYX",
          "translation": [
            -3.370821666237589e-8,
            10.210673141324316,
            1.9344034818402633e-8
          ],
          "preRotation": [
            54.53447519475015,
            9.792693655774439,
            5.2161080946252334e-8
          ],
          "parentMatrixWorld": {
            "elements": [
              0.9974591723097627,
              0.02535175752873243,
              0.066576932646295,
              0,
              -0.014240918980252216,
              0.9866320553846982,
              -0.16234033229309977,
              0,
              -0.06980254864245886,
              0.16097973677652885,
              0.984486225663643,
              0,
              3.885338273335037e-8,
              12.575847589752055,
              -3.7460692325907985e-9,
              1
            ]
          }
        }
      },
      "children": [
        2
      ]
    },
    {
      "rotation": [
        -0.08114938579777016,
        -0.03422958300685475,
        0.009937277911758666,
        0.9960644368749889
      ],
      "translation": [
        3.885338273335037e-8,
        12.575847589752055,
        -3.7460692325907985e-9
      ],
      "name": "mixamorigRightLeg",
      "extras": {
        "transformData": {
          "eulerOrder": "ZYX",
          "translation": [
            3.885338273335037e-8,
            12.575847589752055,
            -3.7460692325907985e-9
          ],
          "preRotation": [
            -0.9756357527006252,
            8.049974339767209e-10,
            2.3607144148794195
          ],
          "parentMatrixWorld": {
            "elements": [
              -0.9924783297092888,
              0.03099118458643429,
              -0.11843277415394413,
              0,
              -0.029831813909521,
              -0.9994882048538554,
              -0.011549966757083321,
              0,
              -0.11873010736429616,
              -0.007930027184794367,
              0.9928948969107483,
              0,
              -5.735201835632324,
              -2.269895553588867,
              0.16702961921691895,
              1
            ]
          }
        }
      },
      "children": [
        3
      ]
    },
    {
      "rotation": [
        -0.05940323693583123,
        -0.004879240327280803,
        0.9981058850986068,
        0.015234605717695561
      ],
      "translation": [
        -5.735201835632324,
        -2.269895553588867,
        0.16702961921691895
      ],
      "scale": [
        0.9999999999999999,
        1,
        1
      ],
      "name": "mixamorigRightUpLeg",
      "extras": {
        "transformData": {
          "eulerOrder": "ZYX",
          "translation": [
            -5.735201835632324,
            -2.269895553588867,
            0.16702961921691895
          ],
          "preRotation": [
            -0.4687262073127144,
            -0.035305806234325623,
            175.69254703713938
          ],
          "parentMatrixWorld": {
            "elements": [
              0.999882927517284,
              -0.0026085456859396474,
              0.015077358801035208,
              0,
              0.003436827348184795,
              0.9984708768338407,
              -0.05517332984782186,
              0,
              -0.014910381510530079,
              0.05521868884827082,
              0.9983629484905403,
              0,
              0.04366846630323447,
              28.38445114498964,
              0.17509828519411685,
              1
            ]
          }
        }
      },
      "children": [
        4
      ]
    },
    {
      "translation": [
        0,
        43.76182174682617,
        1.8307502269744873
      ],
      "name": "mixamorigHeadTop_End",
      "extras": {
        "transformData": {
          "eulerOrder": "ZYX",
          "translation": [
            0,
            43.76182174682617,
            1.8307502269744873
          ],
          "parentMatrixWorld": {
            "elements": [
              0.9976692957049134,
              0.0584899645695341,
              -0.035141150449022135,
              0,
              -0.05789734551039053,
              0.9981664682784744,
              0.017652166703974383,
              0,
              0.036109192639501436,
              -0.01557644539518198,
              0.999226451089354,
              0,
              0,
              6.413326263427734,
              0.2682977318763733,
              1
            ]
          }
        }
      }
    },
    {
      "rotation": [
        0.008312285141357064,
        0.017823590296338742,
        0.029114803390913734,
        0.9993825865594481
      ],
      "translation": [
        0,
        6.413326263427734,
        0.2682977318763733
      ],
      "name": "mixamorigHead",
      "extras": {
        "transformData": {
          "eulerOrder": "ZYX",
          "translation": [
            0,
            6.413326263427734,
            0.2682977318763733
          ],
          "parentMatrixWorld": {
            "elements": [
              0.9980141038744909,
              0.061527645484312034,
              0.013498047767553221,
              0,
              -0.06284427852089373,
              0.9871729870422423,
              0.14676542580930418,
              0,
              -0.004294777010121151,
              -0.14732223999435679,
              0.9890792245365323,
              0,
              0,
              6.18832827885624,
              6.794496609785483e-8,
              1
            ]
          }
        }
      },
      "children": [
        6
      ]
    },
    {
      "rotation": [
        0.0737595625931245,
        -0.00446258420702876,
        0.03119348337313064,
        0.9967780971869347
      ],
      "translation": [
        0,
        6.18832827885624,
        6.794496609785483e-8
      ],
      "name": "mixamorigNeck",
      "extras": {
        "transformData": {
          "eulerOrder": "ZYX",
          "translation": [
            0,
            6.18832827885624,
            6.794496609785483e-8
          ],
          "preRotation": [
            5.547585634587717,
            0,
            0
          ],
          "parentMatrixWorld": {
            "elements": [
              0.9993693097526778,
              -0.03264465637544071,
              0.013975305529756196,
              0,
              0.03243550940101724,
              0.9993621732479288,
              0.014939358804109449,
              0,
              -0.014454081929239157,
              -0.01447664055334658,
              0.9997907313052306,
              0,
              0,
              5.500739580153585,
              1.2468447607716371e-8,
              1
            ]
          }
        }
      },
      "children": [
        7
      ]
    },
    {
      "rotation": [
        -1.8807909613156592e-37,
        -8.673617379884034e-19,
        -2.1684043449710084e-19,
        1
      ],
      "translation": [
        -0.013770195657272666,
        1.353554336200343,
        -0.7410863370685465
      ],
      "name": "mixamorigLeftHandIndex4",
      "extras": {
        "transformData": {
          "eulerOrder": "ZYX",
          "translation": [
            -0.013770195657272666,
            1.353554336200343,
            -0.7410863370685465
          ],
          "preRotation": [
            0,
            -9.939233379573487e-17,
            -2.484808344893372e-17
          ],
          "parentMatrixWorld": {
            "elements": [
              0.9445319124268833,
              0.29355252822606387,
              -0.14726294019694974,
              0,
              -0.28511801348285276,
              0.9554806880239148,
              0.07592343752839592,
              0,
              0.16299441331210163,
              -0.029724790169527227,
              0.9861791199257212,
              0,
              -0.12464717355333477,
              2.173398979085345,
              -1.1142088126273553,
              1
            ]
          }
        }
      }
    },
    {
      "rotation": [
        0.02679600939154625,
        0.07869189232587814,
        0.1467706710100174,
        0.9856712818145752
      ],
      "translation": [
        -0.12464717355333477,
        2.173398979085345,
        -1.1142088126273553
      ],
      "name": "mixamorigLeftHandIndex3",
      "extras": {
        "transformData": {
          "eulerOrder": "ZYX",
          "translation": [
            -0.12464717355333477,
            2.173398979085345,
            -1.1142088126273553
          ],
          "preRotation": [
            0,
            -9.939233379573487e-17,
            -2.484808344893372e-17
          ],
          "parentMatrixWorld": {
            "elements": [
              0.9588157444937653,
              0.28391275385538495,
              -0.008118707301218109,
              0,
              -0.24426068545872437,
              0.8388177952618583,
              0.4865402476035837,
              0,
              0.14494510253618564,
              -0.4645193679462397,
              0.8736204354019339,
              0,
              -2.6841462386073545e-10,
              1.668049795371811,
              2.139605825846047e-9,
              1
            ]
          }
        }
      },
      "children": [
        9
      ]
    },
    {
      "rotation": [
        0.24818214774131775,
        0.039942506700754166,
        0.13782860338687897,
        0.9580258131027222
      ],
      "translation": [
        -2.6841462386073545e-10,
        1.668049795371811,
        2.139605825846047e-9
      ],
      "name": "mixamorigLeftHandIndex2",
      "extras": {
        "transformData": {
          "eulerOrder": "ZYX",
          "translation": [
            -2.6841462386073545e-10,
            1.668049795371811,
            2.139605825846047e-9
          ],
          "preRotation": [
            3.1805547190206764e-15,
            0,
            2.4848081796356752e-17
          ],
          "parentMatrixWorld": {
            "elements": [
              -0.9432804896574523,
              0.33196850403115963,
              0.004356721760286841,
              0,
              0.3315688340601569,
              0.9426488398741892,
              -0.03840934022009555,
              0,
              -0.016857549441443187,
              -0.0347862252546738,
              -0.9992526691313874,
              0,
              -1.8814461100191693e-10,
              1.5582599882389196,
              -1.2274142591195414e-8,
              1
            ]
          }
        }
      },
      "children": [
        10
      ]
    },
    {
      "rotation": [
        0.16831766068935394,
        0.9855432510375977,
        -0.018567314371466637,
        -0.005381364841014147
      ],
      "translation": [
        -1.8814461100191693e-10,
        1.5582599882389196,
        -1.2274142591195414e-8
      ],
      "name": "mixamorigLeftHandIndex1",
      "extras": {
        "transformData": {
          "eulerOrder": "ZYX",
          "translation": [
            -1.8814461100191693e-10,
            1.5582599882389196,
            -1.2274142591195414e-8
          ],
          "preRotation": [
            -135.29665725066803,
            -0.6256844494624213,
            -179.99999999312504
          ],
          "parentMatrixWorld": {
            "elements": [
              -0.25720110560666165,
              0.15110176654895668,
              0.9544714660346323,
              0,
              0.10892170762095504,
              0.985938642788322,
              -0.12673221179203792,
              0,
              -0.9601997630375936,
              0.07136699547095547,
              -0.27004277138958366,
              0,
              3.0319480259777265e-10,
              5.136189881335262,
              3.2738256550146616e-10,
              1
            ]
          }
        }
      },
      "children": [
        11
      ]
    },
    {
      "rotation": [
        -0.08201070508567755,
        -0.7926510139690366,
        0.017462040464646784,
        0.6038821610423811
      ],
      "translation": [
        3.0319480259777265e-10,
        5.136189881335262,
        3.2738256550146616e-10
      ],
      "scale": [
        1,
        0.9999999999999999,
        1
      ],
      "name": "mixamorigLeftHand",
      "extras": {
        "transformData": {
          "eulerOrder": "ZYX",
          "translation": [
            3.0319480259777265e-10,
            5.136189881335262,
            3.2738256550146616e-10
          ],
          "preRotation": [
            23.79721742654511,
            -83.86990280103814,
            3.167182764754077e-8
          ],
          "parentMatrixWorld": {
            "elements": [
              0.9708288605905239,
              0.2376769762410681,
              0.03163824125676435,
              0,
              -0.2383722903116876,
              0.9709607188725068,
              0.020345356202553143,
              0,
              -0.02588386672193706,
              -0.027293539022101777,
              0.9992922936602453,
              0,
              7.038654104007946e-10,
              13.913507381962972,
              9.860890770596598e-9,
              1
            ]
          }
        }
      },
      "children": [
        12
      ]
    },
    {
      "rotation": [
        0.011998417164065089,
        -0.014487620765136159,
        0.11989861779563457,
        0.992607911802984
      ],
      "translation": [
        7.038654104007946e-10,
        13.913507381962972,
        9.860890770596598e-9
      ],
      "name": "mixamorigLeftForeArm",
      "extras": {
        "transformData": {
          "eulerOrder": "ZYX",
          "translation": [
            7.038654104007946e-10,
            13.913507381962972,
            9.860890770596598e-9
          ],
          "preRotation": [
            -5.608220763225424,
            2.1373168773942151e-7,
            5.79392794239717
          ],
          "parentMatrixWorld": {
            "elements": [
              0.7588658521066183,
              0.50024815931654,
              -0.41698250196291503,
              0,
              -0.06373627952752273,
              0.6942581561608778,
              0.716898396646234,
              0,
              0.6481206018287248,
              -0.5174528032027318,
              0.5587327617278178,
              0,
              -2.8201911916880817e-9,
              5.616290969603403,
              -2.991677661157155e-8,
              1
            ]
          }
        }
      },
      "children": [
        13
      ]
    },
    {
      "rotation": [
        0.3556244276684051,
        0.3068629752537937,
        0.1624875021811844,
        0.867735104659284
      ],
      "translation": [
        -2.8201911916880817e-9,
        5.616290969603403,
        -2.991677661157155e-8
      ],
      "scale": [
        0.9999999999999999,
        1,
        1
      ],
      "name": "mixamorigLeftArm",
      "extras": {
        "transformData": {
          "eulerOrder": "ZYX",
          "translation": [
            -2.8201911916880817e-9,
            5.616290969603403,
            -2.991677661157155e-8
          ],
          "preRotation": [
            -11.546211371768136,
            2.6040385552448236e-7,
            -0.619404324410295
          ],
          "parentMatrixWorld": {
            "elements": [
              -0.0023416080592353334,
              0.027128524871074085,
              -0.9996292118952451,
              0,
              0.8832688860066721,
              -0.4686335656548589,
              -0.014787089185847143,
              0,
              -0.4688609528938422,
              -0.8829760054114593,
              -0.022864426720991645,
              0,
              2.7081236839294434,
              5.327878712788632,
              -0.09355111183175335,
              1
            ]
          }
        }
      },
      "children": [
        14
      ]
    },
    {
      "rotation": [
        -0.6101549770993873,
        -0.37301892348960264,
        0.6016873662860769,
        -0.35572475387847
      ],
      "translation": [
        2.7081236839294434,
        5.327878712788632,
        -0.09355111183175335
      ],
      "scale": [
        0.9999999999999999,
        0.9999999999999998,
        0.9999999999999999
      ],
      "name": "mixamorigLeftShoulder",
      "extras": {
        "transformData": {
          "eulerOrder": "ZYX",
          "translation": [
            2.7081236839294434,
            5.327878712788632,
            -0.09355111183175335
          ],
          "preRotation": [
            -72.49653260404538,
            87.9981159583241,
            179.65968892541756
          ],
          "parentMatrixWorld": {
            "elements": [
              0.9993693097526778,
              -0.03264465637544071,
              0.013975305529756196,
              0,
              0.03243550940101724,
              0.9993621732479288,
              0.014939358804109449,
              0,
              -0.014454081929239157,
              -0.01447664055334658,
              0.9997907313052306,
              0,
              0,
              5.500739580153585,
              1.2468447607716371e-8,
              1
            ]
          }
        }
      },
      "children": [
        15
      ]
    },
    {
      "rotation": [
        6.018531076210112e-36,
        -3.469446951953614e-18,
        1.734723475976807e-18,
        1
      ],
      "translation": [
        0.015604806352477851,
        1.1924782771779547,
        -0.6807660789061067
      ],
      "name": "mixamorigRightHandIndex4",
      "extras": {
        "transformData": {
          "eulerOrder": "ZYX",
          "translation": [
            0.015604806352477851,
            1.1924782771779547,
            -0.6807660789061067
          ],
          "preRotation": [
            0,
            -3.975693351829396e-16,
            1.987846675914698e-16
          ],
          "parentMatrixWorld": {
            "elements": [
              0.9899011182448793,
              -0.12016631535867925,
              0.07520527076379721,
              0,
              0.12384763577527169,
              0.9912180827716653,
              -0.046351650448929034,
              0,
              -0.06897491725557378,
              0.05519754559382605,
              0.9960902026172149,
              0,
              0.13773328725785206,
              1.9210768590860887,
              -1.243001644157797,
              1
            ]
          }
        }
      }
    },
    {
      "rotation": [
        -0.02545993350344334,
        -0.036148173915051235,
        -0.06117802219888764,
        0.9971471059519953
      ],
      "translation": [
        0.13773328725785206,
        1.9210768590860887,
        -1.243001644157797
      ],
      "name": "mixamorigRightHandIndex3",
      "extras": {
        "transformData": {
          "eulerOrder": "ZYX",
          "translation": [
            0.13773328725785206,
            1.9210768590860887,
            -1.243001644157797
          ],
          "preRotation": [
            0,
            -3.975693351829396e-16,
            1.987846675914698e-16
          ],
          "parentMatrixWorld": {
            "elements": [
              0.9918124222030551,
              -0.12652271698213208,
              0.017324014134672237,
              0,
              0.09599941670769462,
              0.8281524090246513,
              0.5522207021852982,
              0,
              -0.0842153867773664,
              -0.5460362570541454,
              0.833517953601,
              0,
              -5.687681436938874e-10,
              1.7332651606644767,
              1.6533817870367784e-8,
              1
            ]
          }
        }
      },
      "children": [
        17
      ]
    },
    {
      "rotation": [
        0.2872899491704347,
        -0.026561406309701344,
        -0.05820893911869055,
        0.9557043001423475
      ],
      "translation": [
        -5.687681436938874e-10,
        1.7332651606644767,
        1.6533817870367784e-8
      ],
      "name": "mixamorigRightHandIndex2",
      "extras": {
        "transformData": {
          "eulerOrder": "ZYX",
          "translation": [
            -5.687681436938874e-10,
            1.7332651606644767,
            1.6533817870367784e-8
          ],
          "preRotation": [
            3.180554812554572e-15,
            4.770832175500647e-15,
            1.1927080438751618e-14
          ],
          "parentMatrixWorld": {
            "elements": [
              -0.14258744116842004,
              -0.18559832934500098,
              0.9722253257125568,
              0,
              -0.03886790544374692,
              0.9825541689045357,
              0.18186970921017728,
              0,
              -0.9890187610652076,
              -0.01185602573053232,
              -0.1473137030811584,
              0,
              1.6305763850255062e-8,
              2.060933321212442,
              3.3202738336512994e-9,
              1
            ]
          }
        }
      },
      "children": [
        18
      ]
    },
    {
      "rotation": [
        0.07445148253762757,
        -0.7537332607020394,
        -0.05639053374176809,
        0.6505099977116009
      ],
      "translation": [
        1.6305763850255062e-8,
        2.060933321212442,
        3.3202738336512994e-9
      ],
      "scale": [
        1,
        1,
        0.9999999999999999
      ],
      "name": "mixamorigRightHandIndex1",
      "extras": {
        "transformData": {
          "eulerOrder": "ZYX",
          "translation": [
            1.6305763850255062e-8,
            2.060933321212442,
            3.3202738336512994e-9
          ],
          "preRotation": [
            -136.52461046856905,
            -81.59170797291891,
            179.99999677908994
          ],
          "parentMatrixWorld": {
            "elements": [
              0.9598727782379748,
              -0.19455063086975205,
              0.20197599354929993,
              0,
              0.23913112729878533,
              0.9440560797038632,
              -0.22710002820572847,
              0,
              -0.14649421114452785,
              0.26628588186836344,
              0.9526968435051316,
              0,
              -4.898891514670822e-9,
              5.132627449094276,
              8.465406153845834e-11,
              1
            ]
          }
        }
      },
      "children": [
        19
      ]
    },
    {
      "rotation": [
        -0.1256183257221851,
        -0.08872211950911241,
        -0.11041737359140272,
        0.9819146753421433
      ],
      "translation": [
        -4.898891514670822e-9,
        5.132627449094276,
        8.465406153845834e-11
      ],
      "name": "mixamorigRightHand",
      "extras": {
        "transformData": {
          "eulerOrder": "ZYX",
          "translation": [
            -4.898891514670822e-9,
            5.132627449094276,
            8.465406153845834e-11
          ],
          "preRotation": [
            2.9787544077382457,
            -2.1421311120082592e-7,
            -20.850419235643244
          ],
          "parentMatrixWorld": {
            "elements": [
              0.17244943464354223,
              -0.9684519758205626,
              -0.17989430173593235,
              0,
              0.9847911112443504,
              0.17343284565092906,
              0.01036880147636071,
              0,
              0.021157894080637504,
              -0.17894640359389,
              0.9836312968257612,
              0,
              2.0179297344213865e-8,
              13.914837161036694,
              -1.915484659775757e-8,
              1
            ]
          }
        }
      },
      "children": [
        20
      ]
    },
    {
      "rotation": [
        0.062018731377809784,
        0.06586371190121619,
        -0.6398728421591453,
        0.763137204133409
      ],
      "translation": [
        2.0179297344213865e-8,
        13.914837161036694,
        -1.915484659775757e-8
      ],
      "scale": [
        1,
        0.9999999999999999,
        0.9999999999999999
      ],
      "name": "mixamorigRightForeArm",
      "extras": {
        "transformData": {
          "eulerOrder": "ZYX",
          "translation": [
            2.0179297344213865e-8,
            13.914837161036694,
            -1.915484659775757e-8
          ],
          "preRotation": [
            -5.6909984863838705,
            1.4598705342748197e-7,
            -5.122824845572588
          ],
          "parentMatrixWorld": {
            "elements": [
              0.6695606728893546,
              -0.2769329123153031,
              -0.6892000229677975,
              0,
              0.5740295578261745,
              0.781779204241679,
              0.24353920705285825,
              0,
              0.47135822505196034,
              -0.5586854577547308,
              0.682416285756519,
              0,
              3.2721381160172314e-9,
              5.6162909696034005,
              -2.987072633686694e-8,
              1
            ]
          }
        }
      },
      "children": [
        21
      ]
    },
    {
      "rotation": [
        0.22658617725445912,
        0.3277965243850998,
        -0.24035203797008112,
        0.8851209223441294
      ],
      "translation": [
        3.2721381160172314e-9,
        5.6162909696034005,
        -2.987072633686694e-8
      ],
      "name": "mixamorigRightArm",
      "extras": {
        "transformData": {
          "eulerOrder": "ZYX",
          "translation": [
            3.2721381160172314e-9,
            5.6162909696034005,
            -2.987072633686694e-8
          ],
          "preRotation": [
            -11.599953743081803,
            -3.642921849586894e-7,
            1.2039275999356134
          ],
          "parentMatrixWorld": {
            "elements": [
              -0.1311266383622205,
              -0.013948383474445047,
              0.9912675081122166,
              0,
              -0.8808149194578497,
              -0.45721827976284324,
              -0.12294939992492371,
              0,
              0.4549405540298812,
              -0.88924514048708,
              0.04766753343926066,
              0,
              -2.7081236839294434,
              5.325958553657742,
              -0.07378161029984032,
              1
            ]
          }
        }
      },
      "children": [
        22
      ]
    },
    {
      "rotation": [
        -0.5653370914687453,
        0.3956768963308689,
        -0.6395335119374754,
        -0.33886673637993603
      ],
      "translation": [
        -2.7081236839294434,
        5.325958553657742,
        -0.07378161029984032
      ],
      "scale": [
        1,
        1,
        0.9999999999999999
      ],
      "name": "mixamorigRightShoulder",
      "extras": {
        "transformData": {
          "eulerOrder": "ZYX",
          "translation": [
            -2.7081236839294434,
            5.325958553657742,
            -0.07378161029984032
          ],
          "preRotation": [
            -72.45559607513727,
            -88.42091596951548,
            -179.6595379909857
          ],
          "parentMatrixWorld": {
            "elements": [
              0.9993693097526778,
              -0.03264465637544071,
              0.013975305529756196,
              0,
              0.03243550940101724,
              0.9993621732479288,
              0.014939358804109449,
              0,
              -0.014454081929239157,
              -0.01447664055334658,
              0.9997907313052306,
              0,
              0,
              5.500739580153585,
              1.2468447607716371e-8,
              1
            ]
          }
        }
      },
      "children": [
        23
      ]
    },
    {
      "rotation": [
        0.007355358582668961,
        -0.0071086600358366,
        -0.016273047537446877,
        0.9998152716431589
      ],
      "translation": [
        0,
        5.500739580153585,
        1.2468447607716371e-8
      ],
      "name": "mixamorigSpine2",
      "extras": {
        "transformData": {
          "eulerOrder": "ZYX",
          "translation": [
            0,
            5.500739580153585,
            1.2468447607716371e-8
          ],
          "parentMatrixWorld": {
            "elements": [
              0.999369285281424,
              -0.03264592579364318,
              0.013974088940005052,
              0,
              0.03243668562969512,
              0.9993620204571021,
              0.014947022772118308,
              0,
              -0.014453133154702416,
              -0.014484322333676386,
              0.9997906337565855,
              0,
              0,
              4.813147134620706,
              -9.54082679527346e-9,
              1
            ]
          }
        }
      },
      "children": [
        8,
        16,
        24
      ]
    },
    {
      "rotation": [
        0.007359196079330211,
        -0.007108118933525432,
        -0.016273659837752436,
        0.9998152239909254
      ],
      "translation": [
        0,
        4.813147134620706,
        -9.54082679527346e-9
      ],
      "scale": [
        1,
        0.9999999999999999,
        0.9999999999999999
      ],
      "name": "mixamorigSpine1",
      "extras": {
        "transformData": {
          "eulerOrder": "ZYX",
          "translation": [
            0,
            4.813147134620706,
            -9.54082679527346e-9
          ],
          "preRotation": [
            -0.0000050986486886564245,
            0,
            0
          ],
          "parentMatrixWorld": {
            "elements": [
              0.9997875946874282,
              -0.018843042983026217,
              0.008348966210477388,
              0,
              0.019513847455285595,
              0.9958138457983517,
              -0.08929722394981218,
              0,
              -0.006631384707262172,
              0.0894411771992682,
              0.9959700299165578,
              0,
              0,
              4.106229782104492,
              -0.39882707595825195,
              1
            ]
          }
        }
      },
      "children": [
        25
      ]
    },
    {
      "rotation": [
        -0.044731753186406334,
        -0.0037490396892337274,
        -0.009599341524004792,
        0.9989458741100592
      ],
      "translation": [
        0,
        4.106229782104492,
        -0.39882707595825195
      ],
      "scale": [
        1,
        0.9999999999999999,
        0.9999999999999999
      ],
      "name": "mixamorigSpine",
      "extras": {
        "transformData": {
          "eulerOrder": "ZYX",
          "translation": [
            0,
            4.106229782104492,
            -0.39882707595825195
          ],
          "preRotation": [
            -5.547580535939031,
            0,
            0
          ],
          "parentMatrixWorld": {
            "elements": [
              0.999882927517284,
              -0.0026085456859396474,
              0.015077358801035208,
              0,
              0.003436827348184795,
              0.9984708768338407,
              -0.05517332984782186,
              0,
              -0.014910381510530079,
              0.05521868884827082,
              0.9983629484905403,
              0,
              0.04366846630323447,
              28.38445114498964,
              0.17509828519411685,
              1
            ]
          }
        }
      },
      "children": [
        26
      ]
    },
    {
      "rotation": [
        5.095373618125462e-10,
        -5.767956212437921e-17,
        2.9389891915359046e-26,
        1
      ],
      "translation": [
        -1.4419551774835782e-8,
        2.2240778875913882,
        -4.709923562273843e-10
      ],
      "name": "mixamorigLeftToe_End",
      "extras": {
        "transformData": {
          "eulerOrder": "ZYX",
          "translation": [
            -1.4419551774835782e-8,
            2.2240778875913882,
            -4.709923562273843e-10
          ],
          "preRotation": [
            5.83886806721786e-8,
            -6.609590947779131e-15,
            0
          ],
          "parentMatrixWorld": {
            "elements": [
              0.9974742250728715,
              -0.0012522043394090942,
              0.07101832343765706,
              0,
              -0.0402239212968912,
              0.8141128623802522,
              0.579311902896274,
              0,
              -0.05854234736585823,
              -0.5807053268793845,
              0.812006227958763,
              0,
              -5.631062638400408e-8,
              5.255107097645689,
              -1.4651457291847692e-7,
              1
            ]
          }
        }
      }
    },
    {
      "rotation": [
        0.30469457442406833,
        -0.03403090267909939,
        0.01023646063880596,
        0.9517869098656544
      ],
      "translation": [
        -5.631062638400408e-8,
        5.255107097645689,
        -1.4651457291847692e-7
      ],
      "scale": [
        0.9999999999999999,
        1,
        0.9999999999999999
      ],
      "name": "mixamorigLeftToeBase",
      "extras": {
        "transformData": {
          "eulerOrder": "ZYX",
          "translation": [
            -5.631062638400408e-8,
            5.255107097645689,
            -1.4651457291847692e-7
          ],
          "preRotation": [
            35.00793455155521,
            -3.9924656668588474,
            -6.272706884701476e-7
          ],
          "parentMatrixWorld": {
            "elements": [
              0.9836752345450078,
              0.03273262076004319,
              0.17695086572095203,
              0,
              -0.16999798662903404,
              0.4915480402814809,
              0.8540967281554442,
              0,
              -0.059023028415102374,
              -0.8702350901003356,
              0.4890881132711442,
              0,
              7.549095570880127e-9,
              10.209722963397521,
              7.640866606095642e-9,
              1
            ]
          }
        }
      },
      "children": [
        28
      ]
    },
    {
      "rotation": [
        0.5007591938727592,
        -0.06852862990263409,
        0.05887452429670949,
        0.8608587916879691
      ],
      "translation": [
        7.549095570880127e-9,
        10.209722963397521,
        7.640866606095642e-9
      ],
      "scale": [
        0.9999999999999999,
        1,
        1
      ],
      "name": "mixamorigLeftFoot",
      "extras": {
        "transformData": {
          "eulerOrder": "ZYX",
          "translation": [
            7.549095570880127e-9,
            10.209722963397521,
            7.640866606095642e-9
          ],
          "preRotation": [
            54.1180995467225,
            -9.892660717928582,
            -2.9299007216852576e-8
          ],
          "parentMatrixWorld": {
            "elements": [
              0.9964379690027609,
              -0.05156270619581093,
              -0.06672826446407547,
              0,
              0.0378592327399131,
              0.980589140044683,
              -0.19238403526839437,
              0,
              0.07535285293184464,
              0.18917247648527047,
              0.9790483756214725,
              0,
              -2.283503341971027e-8,
              12.576127237457186,
              -2.703345991506012e-9,
              1
            ]
          }
        }
      },
      "children": [
        29
      ]
    },
    {
      "rotation": [
        -0.09591722125953894,
        0.03571692673106659,
        -0.022479249175787235,
        0.994494280441113
      ],
      "translation": [
        -2.283503341971027e-8,
        12.576127237457186,
        -2.703345991506012e-9
      ],
      "name": "mixamorigLeftLeg",
      "extras": {
        "transformData": {
          "eulerOrder": "ZYX",
          "translation": [
            -2.283503341971027e-8,
            12.576127237457186,
            -2.703345991506012e-9
          ],
